0.7 0.2969458318646804
0.7 0.29836215060016735
0.7 0.29822947094478736
0.7 0.29715672915083047
0.7 0.29570640636229384
0.7 0.2966183929272074
0.7 0.2976795588881027
0.7 0.29805931459682233
0.7 0.2957408453966778
0.7 0.2949797864855517
0.7 0.2964041579430756
0.7 0.29637793485003516
0.7 0.2981194685312262
0.7 0.2950083734172312
0.7 0.2961796326797719
0.7 0.2979369669974149
0.7 0.29647592984160354
0.7 0.2975083349772857
0.7 0.29561240770220965
0.7 0.2964304236920058
0.7 0.29554252833158723
0.7 0.29175755051713936
0.7 0.29700231225820084
0.7 0.29620143816911026
0.7 0.2966155598616744
0.7 0.29746039510422784
0.7 0.29834043416194966
0.7 0.297176093026
0.7 0.29662814243956637
0.7 0.2975435805249462
0.7 0.2970826271383765
0.7 0.2982473943652635
0.7 0.2961704940807458
0.7 0.298584902054124
0.7 0.2976163656116616
0.7 0.29547384481185834
0.7 0.2953289120120234
0.7 0.29598242074214365
0.7 0.2985043738870563
0.7 0.2961189778263772
0.7 0.2966167876212765
0.7 0.2972291451730271
0.7 0.29778503060049755
0.7 0.2953264065888148
0.7 0.2969359220399018
0.7 0.2968642016051075
0.7 0.2976247225376929
0.7 0.29792009898811556
0.7 0.29760934263130445
0.7 0.2969640560742185
0.7 0.29693214656074707
0.7 0.2962369152673645
0.7 0.2959401446211617
0.7 0.2961619790033403
0.7 0.29728773715128654
0.7 0.2983173027960303
0.7 0.2975428573330312
0.7 0.2976561596137345
0.7 0.2991441158933076
0.7 0.297112725469159
0.7 0.2936157429305307
0.7 0.29824549602783756
0.7 0.2958222594675478
0.7 0.29392080853118074
0.7 0.29685996920841295
0.7 0.2971055506155996
0.7 0.2953704842556748
0.7 0.2973461564849934
0.7 0.2979923934912785
0.7 0.298083722022333
0.7 0.29861436334877434
0.7 0.29675209360721255
0.7 0.2954051687767836
0.7 0.29502312159211797
0.7 0.2976141319913935
0.7 0.29634933552801634
0.7 0.2977090071407277
0.7 0.29898632104667233
0.7 0.2955941812488868
0.7 0.2941960290009348
0.7 0.2963628075891739
0.7 0.2963576430112074
0.7 0.2954677591843867
0.7 0.2958982656334346
0.7 0.2979233240213315
0.7 0.2967494190673906
0.7 0.2975372827561459
0.7 0.2945875918414569
0.7 0.29909377071720367
0.7 0.2987706603025587
0.7 0.2971972049568177
0.7 0.2982138544802204
0.7 0.2978353798022618
0.7 0.2987227803625363
0.7 0.2949317015166658
0.7 0.2950563934803747
0.7 0.2939647319628974
0.7 0.29898490146495504
0.7 0.29703592317339467
0.7 0.29435044012531897
0.7 0.2978885432463264
0.7 0.29886691048427017
0.7 0.2967302097787451
0.7 0.2959812749012375
0.7 0.2964796923165546
0.7 0.29644756347367707
0.7 0.2956784730107168
0.7 0.2973393047709765
0.7 0.297562798500999
0.7 0.29361979339629707
0.7 0.295251387457655
0.7 0.2967390043613294
0.7 0.2962375654612751
0.7 0.2957242442623905
0.7 0.298594789714943
0.7 0.2972118724140851
0.7 0.29597974086780754
0.7 0.29620842630706745
0.7 0.2974268402882323
0.7 0.297281670757774
0.7 0.2978243137663641
0.7 0.2969355545012813
0.7 0.294058665981359
0.7 0.29619327812017904
0.7 0.29883871918319604
0.7 0.2960753693462024
0.7 0.2974990201357087
0.7 0.29501562847900975
0.7 0.29656724979036353
0.7 0.29804445706852356
0.7 0.2977176656471445
0.7 0.2940097348508993
0.7 0.29613689242995467
0.7 0.2973325100132974
0.7 0.2925460927750321
0.7 0.29695574457128093
0.7 0.29467832009290895
0.7 0.2979543246094025
0.7 0.2953806961135478
0.7 0.2969065069783008
0.7 0.29712636782580704
0.7 0.29816055705207634
0.7 0.29754655907413696
0.7 0.297951582665104
0.7 0.2983985415529691
0.7 0.2960964262878242
0.7 0.2981592861669189
0.7 0.2960648451775192
0.7 0.2973888066038416
0.7 0.2961435100172013
0.7 0.29685885262092326
0.7 0.29725367016492754
0.7 0.29715768894488936
0.7 0.2949304205229598
0.7 0.29721075927360163
0.7 0.2965282171023962
0.7 0.2943565261715686
0.7 0.29749069916147197
0.7 0.2956774467325691
0.7 0.2963107328760315
0.7 0.29614679680582623
0.7 0.29829608287516063
0.7 0.2966386978235216
0.7 0.29831595042675374
0.7 0.29568717000789424
0.7 0.29635328991884136
0.7 0.2966683237285622
0.7 0.29574724446974543
0.7 0.2966952728439908
0.7 0.29817447168022937
0.7 0.2962818144483311
0.7 0.29351846672957327
0.7 0.29567180789681025
0.7 0.2974256282173081
0.7 0.2976350546628066
0.7 0.29757415305939094
0.7 0.29774766936458597
0.7 0.2984039286005117
0.7 0.2957372177918758
0.7 0.2969607780806828
0.7 0.2969307449202844
0.7 0.2985392179960942
0.7 0.29480815876953714
0.7 0.29692679548509127
0.7 0.2970249983854969
0.7 0.2967044756090482
0.7 0.29708626289334394
0.7 0.2968497544780958
0.7 0.297869424431625
0.7 0.29681824791949374
0.7 0.2936631299890907
0.7 0.2973146348371495
0.7 0.29658805466058624
0.7 0.2970002974326442
0.7 0.2979535609459085
0.7 0.29474912384210716
0.7 0.29784649862855417
0.7 0.2964033967032197
0.7 0.29876130126856815
0.7 0.2965999974830441
0.7 0.2951105788599163
0.7 0.29595051535603645
0.7 0.29830904047748397
0.7 0.2941362461686128
0.7 0.29693501612535333
0.7 0.29718149733595
0.7 0.29444065175928724
0.7 0.2962232104266015
0.7 0.29577564058021466
0.7 0.29663333292508465
0.7 0.2978760084064992
0.7 0.29792778123158026
0.7 0.2965821304799011
0.7 0.29752381674741313
0.7 0.2972404903943213
0.7 0.29743930302340693
0.7 0.2966986427148145
0.7 0.2978948880408274
0.7 0.29811329403769926
0.7 0.29545987120837536
0.7 0.2973550317209803
0.7 0.2969316732116686
0.7 0.2966391524615165
0.7 0.29655751615483217
0.7 0.29684687422415457
0.7 0.2977586187175365
0.7 0.2976412447097132
0.7 0.29763670006988974
0.7 0.2979250497371362
0.7 0.29586974443522596
0.7 0.2951542197681184
0.7 0.29670600206206943
0.9703222950201268 0.027482334169603106
0.9706232367359222 0.026730454347265953
0.9676431906028613 0.02863467968356659
0.9119427242204179 0.08208724993310945
0.8865925793349803 0.1090892894919353
0.9778045547814241 0.01853573871445935
0.9644649667695309 0.03348824873615741
0.966022859229763 0.031187689874159208
0.9490923115773966 0.0470144625763369
0.9696470244594126 0.026423234036237697
0.9671726264882129 0.029417746419092783
0.9847718153860474 0.013181506593450631
0.9304321439875021 0.06616975248852675
0.9155394550644292 0.081118322391461
0.8607697292158226 0.13542856774411327
0.9722803295787857 0.02451569675429599
0.9614398969958241 0.03429524887783575
0.930331412223804 0.0665143508295788
0.9455752568882768 0.052022768109077244
0.900071549255599 0.09667730241482919
0.967527761537989 0.030636978307814755
0.9197404629459176 0.07717567554658067
0.9228380958204357 0.07207453378546036
0.9264400409542259 0.0711988045435672
0.9477114591481742 0.050034219395420076
0.9548834832376565 0.04127676725764995
0.9242904749278119 0.07146714927791242
0.9911092972008784 0.005751131451135372
0.9079838891509248 0.08751375757951096
0.9676964176723882 0.028483285349549692
0.8997944248341319 0.09675634017504331
0.9281214330245238 0.06908793712130157
0.9490009266364763 0.04811178253046833
0.9399658793340225 0.05864628236620262
0.9354199786061167 0.06013736878605391
0.9603266443774365 0.03716553802371003
0.9588082746876474 0.03742780332529427
0.9516299459159628 0.045507922781826915
0.9296841604317472 0.06738025942324044
0.9551413171604959 0.04259218831383682
0.963421109805516 0.034569054949574296
0.916645351101067 0.07749561442746988
0.9717880694466344 0.025087815938855118
0.9441156141459817 0.05425745445446595
0.9630003797095272 0.03514951061807858
0.9344937158589056 0.058573661166951174
0.9209457150102301 0.07583455793403115
0.9619055983354355 0.035317186862418026
0.9499103385504071 0.04584804364693862
0.9564161107108389 0.03983201033008843
0.9254482892471266 0.07217701877666527
0.915750411520616 0.08275314836910885
0.9491355884797176 0.04794847903495958
0.9502513155389796 0.047261374375694665
0.9513770955767411 0.04222392788632712
0.9304909725793522 0.06751692050394609
0.9296158528492366 0.06569216909985842
0.9428221358616937 0.05421214379644135
0.7 0.2977291122537138
0.7 0.2969683207499054
0.7 0.2971812007973387
0.7 0.2972798549502619
0.9356001999340926 0.061300469691936366
0.7 0.2977580778552211
0.7 0.2965869490350943
0.7 0.2958261276102935
0.7 0.2979785545747624
0.9395920034060994 0.05682239407441514
0.7 0.2951023737659221
0.7 0.2941838216861792
0.7 0.29780442738230717
0.7 0.2981701648897682
0.8561019805168031 0.1407953914935205
0.7 0.29593693305809
0.7 0.2972309499151101
0.7 0.2970467040118554
0.7 0.2970166961848941
0.9008950740961341 0.09538664281111164
0.7 0.2954744664816058
0.7 0.2971722427811285
0.7 0.2959827212674223
0.7 0.29548674213343695
0.8562930803126413 0.13993912177261347
0.7 0.29695716205706846
0.7 0.294263383139051
0.7 0.2962220195145686
0.7 0.29548892275733196
0.9114590156468106 0.08510761571981573
0.7 0.29712401061486526
0.7 0.2981743161689483
0.7 0.29816255580868833
0.7 0.2923947031661063
0.9271765693037132 0.07010013737561571
0.7 0.2972624994842933
0.7 0.29648648812465794
0.7 0.29709324548937377
0.7 0.2981835140806345
0.9703446736506716 0.026173811511520095
0.7 0.29661001201243875
0.7 0.29732478329004175
0.7 0.29755819534384476
0.7 0.29672492254886573
0.9475271840383854 0.05096085010502216
0.7 0.29494749351824423
0.7 0.29625734501621637
0.7 0.29767247800295404
0.7 0.2988794014040622
0.9598290732801292 0.038001272690523225
0.7 0.29728690461166885
0.7 0.2947709357231113
0.7 0.2973042512495939
0.7 0.29136123570481776
0.963561375485608 0.032473447033506964
0.7 0.2971716694707135
0.7 0.2967583724880354
0.7 0.2983360700807707
0.7 0.2964053289702261
0.9416314775054822 0.05662304102893123
0.7 0.2974325317245957
0.7 0.29652219786796474
0.7 0.2964474927567041
0.7 0.29437100170963904
0.9278240870339833 0.07014282371649216
0.7 0.29399901030330045
0.7 0.29742384099003094
0.7 0.2959668938996537
0.7 0.29613869991205255
0.9484860074615457 0.04856107280683508
0.7 0.29525031931130064
0.7 0.2963305023606758
0.7 0.2977212256247146
0.7 0.29685903556151183
0.8666834231194085 0.1293467831786459
0.7 0.29480930060946675
0.7 0.2980631730212905
0.7 0.2979896898947223
0.7 0.2965993024748702
0.9624390985638546 0.03464636803178234
0.7 0.29584913906935084
0.7 0.29356536527482957
0.7 0.29780368581382277
0.7 0.2955412507275126
0.8996436415871746 0.09684330869280788
0.7 0.2961188637888491
0.7 0.29667197988366645
0.7 0.2958780984762013
0.7 0.2982056556751892
0.9451775170892769 0.05279415704210255
0.7 0.2974408672966654
0.7 0.29759249657621145
0.7 0.29670140407799106
0.7 0.2971273632121958
0.8672744301656002 0.12996409920647767
0.7 0.2933681773224095
0.7 0.2956296509462888
0.7 0.2929458236964195
0.7 0.2950342163703944
0.9545294523305421 0.03972499813089614
0.7 0.2959155489486649
0.7 0.2972559370925615
0.7 0.2974504096298033
0.7 0.2949084694602433
0.9627049920935927 0.035167606848101496
0.7 0.29721121394706995
0.7 0.2972267685103558
0.7 0.29692395111750225
0.7 0.29758277004646494
0.948619164636892 0.046560608408610316
0.7 0.2963059116136386
0.7 0.29436173928434484
0.7 0.297161215667877
0.7 0.29668354090635674
0.9523486038089497 0.04444544131702255
0.7 0.29772070522137384
0.7 0.29803907542433994
0.7 0.2973817172383382
0.7 0.29607255947454036
0.9718609820415336 0.024334820559238857
0.7 0.29780685269255625
0.7 0.2970138536920949
0.7 0.29580504735096935
0.7 0.29585252805139683
0.882344699970977 0.11424073039408134
0.7 0.2962630566126454
0.7 0.29738347759467276
0.7 0.2965342054177058
0.7 0.29792285099244875
0.9214927399129322 0.07527818181739887
0.7 0.29383862771811176
0.7 0.2971457653288906
0.7 0.2958633172260633
0.7 0.2961575174073471
0.9533122160167821 0.043834994184424825
0.7 0.29551258114422285
0.7 0.2965592970330595
0.7 0.29539636502298317
0.7 0.29772482091845986
0.9875451818800719 0.010756212420807043
0.7 0.29849154136780687
0.7 0.29665659202488626
0.7 0.29552533410288273
0.7 0.2950837883371593
0.9532350109596484 0.042290280507783606
0.7 0.2974939501280429
0.7 0.2975717782578806
0.7 0.2969387414970912
0.7 0.2960505440254443
0.9116572245984553 0.08581070032431148
0.7 0.29883435097578304
0.7 0.29662281661282097
0.7 0.2973254245771759
0.7 0.2963760909090185
0.9002322097733957 0.09887999916204027
0.7 0.2927473255356565
0.7 0.29725485770077165
0.7 0.29470080654001074
0.7 0.2968046436357321
0.9523682796285649 0.043937137594360576
0.7 0.296375854101977
0.7 0.2969716804337812
0.7 0.29641073095400483
0.7 0.29677366544832995
0.9186428129364281 0.07798804240370294
0.7 0.2978102871106346
0.7 0.2951210241187391
0.7 0.2961441924442023
0.7 0.29733580491113387
0.9374834879023135 0.0593138087963222
0.7 0.296804843068345
0.7 0.2985254758849448
0.7 0.2979695534857034
0.7 0.29616123592971444
0.9506258743103175 0.046159285542723416
0.7 0.29527831062881627
0.7 0.297660541533997
0.7 0.29754996488502494
0.7 0.297266598712165
0.954010446123671 0.0424501110005282
0.7 0.29707151484694494
0.7 0.29791887604094003
0.7 0.29735240439864896
0.7 0.2974482117326265
0.8659805538267824 0.1309261155198166
0.7 0.2980230224973588
0.7 0.2939010943112432
0.7 0.297167490696287
0.7 0.2978724318576169
0.8899655786610551 0.10753656064307293
0.7 0.2962287646238183
0.7 0.29508171250378545
0.7 0.29832625579425853
0.7 0.2969044453004507
0.9548669868292258 0.042087659505829045
0.7 0.29463431215691527
0.7 0.2978431130420266
0.7 0.29846614814800687
0.7 0.29670940868817675
0.8965724818929467 0.0999352016684143
0.7 0.2963768872894048
0.7 0.2970264420845905
0.7 0.2958529832916267
0.7 0.29837583895398934
0.9201398811989904 0.07528090671589205
0.7 0.29715788550272626
0.7 0.2974178368146747
0.7 0.296293726713698
0.7 0.2981511742707521
0.9369724357600261 0.05904751205769887
0.7 0.2972427559288777
0.7 0.29572789853794146
0.7 0.298139602446547
0.7 0.2973071912583104
0.8930460967743372 0.10447022420018326
0.7 0.29715345820791916
0.7 0.2960663851015566
0.7 0.2941061636590221
0.7 0.2965511789751476
0.9572032239871323 0.04047208745180553
0.7 0.2965768864083196
0.7 0.2975809940745371
0.7 0.2965231198675199
0.7 0.29730494051233036
0.9397813552274297 0.05666324365405928
0.7 0.2946182736745596
0.7 0.29674881802680086
0.7 0.2953778238844359
0.7 0.2965006152110007
0.900380393583778 0.09504897650324973
0.7 0.2969864180179035
0.7 0.29816436780812794
0.7 0.2968695069300462
0.7 0.2990825967443759
0.9721793953188052 0.024984877859446808
0.7 0.2900779300367843
0.7 0.29689794918159385
0.7 0.29685922313488056
0.7 0.29709049543558264
0.9520425870388868 0.043615482928320626
0.7 0.29478523247652055
0.7 0.29682035493759196
0.7 0.29548553117323684
0.7 0.2921683192273127
0.9616613106914916 0.03500656477575348
0.7 0.2972826677184697
0.7 0.2966204189663444
0.7 0.2963885728565633
0.7 0.2957192199509737
0.9537451739100089 0.044001919414024204
0.7 0.297954961066051
0.7 0.2963281423689813
0.7 0.29742488093656094
0.7 0.2960016370653863
0.9236051824118874 0.07385949330718844
0.7 0.294468665592176
0.7 0.2977464868073447
0.7 0.2964465988029955
0.7 0.2983271726643125
0.9474260361493825 0.04995517736767641
0.7 0.2963974121860693
0.7 0.29849757038692704
0.7 0.2953050088727164
0.7 0.29590909447371205
0.9472913172920076 0.048813436953859535
0.7 0.29660482548176625
0.7 0.2973475785568914
0.7 0.2980174951112148
0.7 0.29838914883958045
0.8638724895185418 0.13198082343129436
0.7 0.29794436671381264
0.7 0.29505421080491756
0.7 0.29780622207710294
0.7 0.29734260840228377
0.9341187141933465 0.06426759156457995
0.7 0.29598278594954563
0.7 0.29663101257585867
0.7 0.29698103089454386
0.7 0.29712768275144563
0.9735735496623062 0.020396471841356845
0.7 0.2932015538955246
0.7 0.2976392941077297
0.7 0.2977944349945162
0.7 0.29534377633797526
0.9436672500515483 0.053439640533858634
0.7 0.2975131636673567
0.7 0.2977582794139516
0.7 0.29539809308525133
0.7 0.29352038365338784
0.9705105204410761 0.025238832997491634
0.7 0.29816270641284437
0.7 0.29544668942884245
0.7 0.297437192109795
0.7 0.29677955295528136
0.8650974465100765 0.13134606629165357
0.7 0.2957573307902511
0.7 0.29878022494566536
0.7 0.29654699769085946
0.7 0.29657319982607655
0.9386411350713473 0.0575691194928708
0.7 0.29715416604862466
0.7 0.29822198155499413
0.7 0.2959222675201616
0.7 0.29599175760978125
0.9629048034065605 0.03350346580574515
0.7 0.29594562130378244
0.7 0.296110740241078
0.7 0.2967370472539539
0.7 0.29631895839774236
0.9434844673995466 0.054200087813289666
0.7 0.29562894256748284
0.7 0.2970842275940646
0.7 0.2939449020833408
0.7 0.29804065958835957
0.9145685159454987 0.08081155252123806
0.7 0.2969128489325813
0.7 0.2971045473151851
0.7 0.29840341027437145
0.7 0.2965030051408396
0.9285235082192486 0.06654843938293153
0.7 0.298856021488766
0.7 0.2968183126267554
0.7 0.29583455423619154
0.7 0.29646961584765297
0.9458613782515708 0.05174260362214789
0.7 0.2976379787475293
0.7 0.29772292557028057
0.7 0.295831214425486
0.7 0.2958158799723877
0.9500709274494191 0.047685683257963074
0.7 0.2957262241902162
0.7 0.2980738011320643
0.7 0.2951266955925289
0.7 0.29574306456421284
0.9652660181127348 0.03144985241166931
0.7 0.2968518403729188
0.7 0.29540916368710324
0.7 0.2956780650224583
0.7 0.29827914561940627
0.8737449842726692 0.12190906627195774
0.7 0.2950593204829257
0.7 0.2972412189720478
0.7 0.29724856005875677
0.7 0.29584203168537526
0.9319575444511873 0.06414336463591463
0.7 0.29847341802250404
0.7 0.29773234302254026
0.7 0.29767658605486436
0.7 0.2967290464117994
0.9637565073912819 0.03398225684921574
0.7 0.2985646432343715
0.7 0.2976720442108015
0.7 0.2985867097736632
0.7 0.29860013416189124
0.8760203072954523 0.1188011561592609
0.7 0.2970705418197924
0.7 0.2966912604666513
0.7 0.29750061682844375
0.7 0.29494286102651235
0.9471598236841285 0.050081389489249784
0.7 0.2954670056204737
0.7 0.29451847855003976
0.7 0.29802430991143647
0.7 0.2965710411398893
0.9398880332474818 0.05689038178872785
0.7 0.2955560975639199
0.7 0.296474842803112
0.7 0.29744186806499795
0.7 0.29685168848694654
0.8597916928884901 0.13739948088107645
0.7 0.29678665462786336
0.7 0.29401598702156795
0.7 0.2983503837644286
0.7 0.2978044856889305
0.9613262055125676 0.035263663172319326
0.7 0.2960347727402486
0.7 0.29493180662770535
0.7 0.2963875111858588
0.7 0.29771697060096003
0.9479160812276635 0.048845048975174055
0.7 0.29579665252841436
0.7 0.2976907246387679
0.7 0.29741703453426227
0.7 0.29838709095865945
0.9434878962939439 0.05164255829744835
0.7 0.29701426521437246
0.7 0.2984872771389516
0.7 0.2956959569969734
0.7 0.29741096012043255
0.9550060857196806 0.04101765452227202
0.7 0.29403313993652513
0.7 0.29734884536691275
0.7 0.29674990142685764
0.7 0.2985852573080272
0.952611717105994 0.04542144846421392
0.7 0.29822058314806
0.7 0.2972667075187557
0.7 0.2969714913450815
0.7 0.29730434899891833
0.9064981036597026 0.0899579703813026
0.7 0.2973705612811217
0.7 0.2934672349437374
0.7 0.2965086045721891
0.7 0.2961602789911104
0.9242960274492533 0.07061936566132754
0.7 0.297225775058637
0.7 0.2955151168388911
0.7 0.2922217911103333
0.7 0.2979233782998433
0.9375925197261133 0.06130023171033805
0.7 0.2973256975220816
0.7 0.29536852338021746
0.7 0.29778855690374706
0.7 0.2985382833262553
0.9649400633359932 0.03258433697448926
0.7 0.2955795804191098
0.7 0.297228146319405
0.7 0.295149824574248
0.7 0.29568046656098834
0.924861177443454 0.06984530342880158
0.7 0.297772367328889
0.7 0.2955350156433423
0.7 0.2987116421245213
0.7 0.29536374295109824
0.8632829560360171 0.13356857879975992
0.7 0.29764161748599616
0.7 0.2957987450702513
0.7 0.2974371076722433
0.7 0.298158199367329
0.9532618569988094 0.04398436461196675
0.7 0.2974786147577363
0.7 0.29563214029098617
0.7 0.29711464620724204
0.7 0.2953185439344127
0.922098849727981 0.07477128361865493
0.7 0.29639236168400995
0.7 0.2957812338741167
0.7 0.2968169968862211
0.7 0.29709258524550985
0.9612986620013452 0.035354852841032236
0.7 0.29640563364660855
0.7 0.2969626518248336
0.7 0.2957817417071813
0.7 0.2927031032662465
0.9491188309240725 0.04837604935222217
0.7 0.29580462916172534
0.7 0.29658530861320553
0.7 0.29085189327325256
0.7 0.29841938484767083
0.9107624413345704 0.08727665395350781
0.7 0.2934049978813399
0.7 0.297403505368916
0.7 0.29576362848297255
0.7 0.2953291318685881
0.9589721076825037 0.039322714602244124
0.7 0.29727043756850213
0.7 0.29761397275553836
0.7 0.2944996183706148
0.7 0.29719900920529885
0.8724476911117365 0.12544106715131398
0.7 0.29594217976881876
0.7 0.29676091773304836
0.7 0.2966170153670934
0.7 0.2946845533052782
0.9595822563678794 0.037565598388859534
0.7 0.2972086235143794
0.7 0.2975949993775153
0.7 0.29657049782362477
0.7 0.295390316120154
0.9672650480904822 0.030367298697444034
0.7 0.29676391414573433
0.7 0.2942551089517489
0.7 0.29634673837645986
0.7 0.2927342206169795
0.969380215318177 0.026462213977114124
0.7 0.29523485616604206
0.7 0.2981853905569761
0.7 0.29655508638757333
0.7 0.29485642238317256
0.9257354003119691 0.06945247901643858
0.7 0.29363511548397436
0.7 0.2953997328954776
0.7 0.29533835094275096
0.7 0.2969745817653868
0.9474630661484564 0.049811383895871475
0.7 0.29835199106659693
0.7 0.2996345628967453
0.7 0.2970831218385337
0.7 0.29766550102989575
0.9242713486283979 0.07390080899246654
0.7 0.2980876920074078
0.7 0.297646159065043
0.7 0.296739119701809
0.7 0.29802605263455406
0.9751265343319507 0.0214102773824415
0.7 0.2985436625696577
0.7 0.29563616667420056
0.7 0.2966272554066077
0.7 0.29792735839869855
0.9461729023561488 0.04900948246958958
0.7 0.29681071850948204
0.7 0.29751749796025007
0.7 0.29528861691707187
0.7 0.2971139876463389
0.9617505093932115 0.034401831709046427
0.7 0.2955496938862836
0.7 0.2959932727196448
0.7 0.2959550176960446
0.7 0.29582118462370777
0.8858540632195756 0.11179405472998605
0.7 0.2969856641845624
0.7 0.2936460451466628
0.7 0.29667746506201875
0.7 0.2960049886962489
0.9043951197360488 0.09336554376408457
0.7 0.2966619708310795
0.7 0.29608429410532444
0.7 0.2961293139110357
0.7 0.2950158920277801
0.9577314532808268 0.04008311123195796
0.7 0.29804136097407663
0.7 0.2957920734635079
0.7 0.29468390801113487
0.7 0.29734318546587113
0.9083677206106736 0.08882444119069477
0.7 0.29739101084439257
0.7 0.2954164307349937
0.7 0.295193280552987
0.7 0.2984142595484198
0.9414522083234502 0.05531155104224972
0.7 0.2961337292685853
0.7 0.2977344797952791
0.7 0.29728137541374855
0.7 0.297234116280617
0.9406734300565709 0.05285553673490595
0.7 0.2983712596418775
0.7 0.29834695159571023
0.7 0.29892573099618114
0.7 0.2949840291204001
0.9180507288852557 0.07752283599788246
0.7 0.2964637822635384
0.7 0.2968655640370552
0.7 0.295586082580125
0.7 0.29465680251822524
0.9390469878705913 0.05621245584045065
0.7 0.2973641334592487
0.7 0.29591939199713513
0.7 0.2967950507133401
0.7 0.29572070243807347
0.9354676690726532 0.05940460536070402
0.7 0.295919928098092
0.7 0.2964386354121046
0.7 0.29803144582285124
0.7 0.29655964711393434
0.967961371353711 0.027941356899721215
0.7 0.2960224666416834
0.7 0.2965044386383897
0.7 0.29708246110067515
0.7 0.29710162317471966
0.9748227579393209 0.02150486940073204
0.7 0.29775297052261995
0.7 0.29624775899350164
0.7 0.2982556949879417
0.7 0.29496401560269114
0.9589283579941792 0.03831568946144559
0.7 0.29599449833037095
0.7 0.2946897056459987
0.7 0.29575791891988035
0.7 0.2961853305987967
0.9245699990686502 0.07351443716202544
0.7 0.2949386563807197
0.7 0.29711180210505006
0.7 0.29570819560565376
0.7 0.29495807937623786
0.9538259889677783 0.041124168565000785
0.7 0.29796310863351205
0.7 0.29663973851195524
0.7 0.29823909948519656
0.7 0.2971770615668392
0.8370193550701321 0.1601036779149978
0.7 0.297473017234716
0.7 0.2980265781036656
0.7 0.2989504227539208
0.7 0.2954269145147871
0.9187577323678215 0.0762070156067376
0.7 0.2936108159052766
0.7 0.2948565303100208
0.7 0.2987707326536049
0.7 0.29554460989580644
0.9613360009566839 0.03580821487443753
0.7 0.29666950131819714
0.7 0.2971485250390017
0.7 0.29787728738486074
0.7 0.29254386122036946
0.9619029783450337 0.034731920024214324
0.7 0.2982400721609
0.7 0.2950885823475673
0.7 0.29798071834074524
0.7 0.29464736348229337
0.9614595191790208 0.035891623601627454
0.7 0.29480782011562723
0.7 0.29800815424287164
0.7 0.2974160625818705
0.7 0.29787154307555097
0.9564227712192558 0.042439485225419626
0.7 0.2962943479393466
0.7 0.29553472501682854
0.7 0.2978754624026181
0.7 0.29671090702854885
0.9853588587268625 0.01140661024583478
0.7 0.29582034887103337
0.7 0.2967032521588865
0.7 0.2967928970464503
0.7 0.2949748986188926
0.9563555824975811 0.041967641066392725
0.7 0.2967462950642168
0.7 0.296113443584905
0.7 0.2975461200340086
0.7 0.2976062377526042
0.9663819658358374 0.0307394692364501
0.7 0.2969980838902987
0.7 0.29894670582821115
0.7 0.29734080199417856
0.7 0.2953378610095315
0.939463024958618 0.05581093986977825
0.7 0.296060951304969
0.7 0.29812178749344265
0.7 0.2963319340907751
0.7 0.2969036584685891
0.9330419841969059 0.06250139752560258
0.7 0.29800530205996034
0.7 0.29891494402471164
0.7 0.2969437968317046
0.7 0.2975240651441178
0.914032323741188 0.08364657686933019
0.7 0.29770632930529506
0.7 0.2983021345173371
0.7 0.2985562246545652
0.7 0.29530617472249565
0.9456134270644666 0.051047392220754606
0.7 0.2969175187463198
0.7 0.29293933573905706
0.7 0.29682143021782303
0.7 0.29688620660912046
0.9325836459944947 0.06536127686589044
0.7 0.296128973353039
0.7 0.2962442846956129
0.7 0.29633919880819637
0.7 0.2955032494816535
0.9004801733725967 0.09324175141121771
0.7 0.2950387936482597
0.7 0.29560689543732344
0.7 0.29704027784093123
0.7 0.2966051704204211
0.9065136421144216 0.09096988334529454
0.7 0.2978212198730972
0.7 0.2964032685289102
0.7 0.2954032679867258
0.7 0.29816162270884095
0.9875736010907351 0.010864031507222704
0.7 0.2958300209618764
0.7 0.29636293847176676
0.7 0.2975706089310519
0.7 0.2960124002577972
0.8391213304647996 0.1587507640733028
0.7 0.29727029030480834
0.7 0.29724493661260987
0.7 0.29675972154450037
0.7 0.2976738773600829
0.9477970708685848 0.04845547664926442
0.7 0.29578243228950385
0.7 0.2963406734723615
0.7 0.29673601875172684
0.7 0.29676624167589616
0.9611469335297174 0.03621446562655206
0.7 0.29447368045883415
0.7 0.2958233793398408
0.7 0.2985109954219767
0.7 0.29676207714415637
0.9346975507651522 0.06235075861581796
0.7 0.2968714313336698
0.7 0.29680693407370995
0.7 0.29600195534584517
0.7 0.29845104765022945
0.9060214987983131 0.08946057369598193
0.7 0.29554665042867145
0.7 0.29691541798600096
0.7 0.29685433328028366
0.7 0.29727379414897037
0.9189654787142271 0.07824142436138293
0.7 0.2960013173254591
0.7 0.2983909606511751
0.7 0.2959114385768091
0.7 0.2960239459745815
0.9276566772216076 0.07059957660603733
0.7 0.29699516141922866
0.7 0.297773371556893
0.7 0.29551327551430795
0.7 0.2983593949360752
0.9336998763580571 0.06304672619210949
0.7 0.29805671324292393
0.7 0.2965986108755633
0.7 0.29272217099929
0.7 0.296261293791205
0.9383188196773173 0.055354732630032544
0.7 0.29538983573401145
0.7 0.2970605180245325
0.7 0.2962090614395948
0.7 0.29770826302317066
0.960937966653154 0.03589276669887376
