0.7 0.2980014139234898
0.7 0.29783601693368544
0.7 0.2969579964918696
0.7 0.2931488857289003
0.9181740742416473 0.07824256095114446
0.7 0.29656922829611865
0.7 0.2955660185826511
0.7 0.29620011069952856
0.7 0.2950454121465653
0.9210041383974776 0.07549320088529932
0.7 0.2966227984553418
0.7 0.2964927959154873
0.7 0.2957570620969113
0.7 0.2959217298109421
0.9460146892221715 0.05107569315901317
0.7 0.2960189564036294
0.7 0.29635361710695407
0.7 0.2967327417386104
0.7 0.2961023915260512
0.9576091417058382 0.039070595857161994
0.7 0.29664639014844896
0.7 0.29728533814246516
0.7 0.2947244020266856
0.7 0.2976398845978132
0.961884367266303 0.035752368945134894
0.7 0.297513024569534
0.7 0.29576122221974266
0.7 0.29788567728118454
0.7 0.296451748264026
0.8757565557367014 0.12100982397891691
0.7 0.2976462899687884
0.7 0.29832114705419155
0.7 0.29229737393491473
0.7 0.2947216902299975
0.9617419755725889 0.03431427955745325
0.7 0.29740824003057
0.7 0.29809758629666305
0.7 0.29490088194548103
0.7 0.2983196352240368
0.874953193375722 0.12000431828264468
0.7 0.29762469389770496
0.7 0.2969076153540766
0.7 0.2981204071567507
0.7 0.2975297160490944
0.9931291169734243 0.004708038931792169
0.7 0.29631621575516853
0.7 0.29537409173132756
0.7 0.2963472963848577
0.7 0.2987226172400078
0.953400024620794 0.04230913140882098
0.7 0.29647881308756574
0.7 0.29403479540887045
0.7 0.29589981330140447
0.7 0.29695236657421975
0.8776018499058647 0.11873092759145865
0.7 0.2967281601341154
0.7 0.2982642921226758
0.7 0.29634933025523114
0.7 0.29290015492182253
0.9465849251865334 0.0507624408281554
0.7 0.2964818250443152
0.7 0.29644832775514773
0.7 0.29773936183630156
0.7 0.29830350047062304
0.9562716194647017 0.03990341525607477
0.7 0.29603049887256483
0.7 0.2965410492778703
0.7 0.2933549264711134
0.7 0.2968943912440426
0.9210601812934739 0.07527606866148595
0.7 0.29645405922843726
0.7 0.2980374422727581
0.7 0.29558024524229654
0.7 0.29549954685382696
0.8750064814787046 0.12127428056476885
0.7 0.2976089594739826
0.7 0.29841192430199137
0.7 0.2982566753526552
0.7 0.2963567787994821
0.8945842710561346 0.10049481232953084
0.7 0.2964974445184002
0.7 0.29770765662810594
0.7 0.29583277685097653
0.7 0.29626332909609066
0.9741103222720109 0.02105795446705505
0.7 0.29690909956019984
0.7 0.29514671031674566
0.7 0.2957472173832304
0.7 0.29631911638730424
0.8866046122527341 0.11018110670902326
0.7 0.2960517243695854
0.7 0.2952787108669055
0.7 0.2959023725439589
0.7 0.2967601718631021
0.9330616684595479 0.061944128252433006
0.7 0.29807316660725613
0.7 0.2944579888258295
0.7 0.29703526240588285
0.7 0.29507796641343254
0.9485623257452085 0.04810220623472572
0.7 0.29402653320588434
0.7 0.29568201977010555
0.7 0.2955040388416571
0.7 0.29819706235418786
0.9222704206289198 0.07351520932227018
0.7 0.29725441413742615
0.7 0.2978299213104416
0.7 0.2968977415188374
0.7 0.297276373545702
0.8554830305722623 0.14044942465839094
0.7 0.2966371910049521
0.7 0.2968917511414285
0.7 0.2973522446582092
0.7 0.2966479344451973
0.9012488209264972 0.09470786482048288
0.7 0.2968641273450948
0.7 0.2991612270472951
0.7 0.29678053552437944
0.7 0.2985427544704009
0.8516897604157424 0.14582707870033818
0.7 0.29393962562635023
0.7 0.2962799275605239
0.7 0.29761770972978174
0.7 0.2979061349533131
0.9154728619884205 0.08082882424508142
0.7 0.2978282465269806
0.7 0.2979220754019891
0.7 0.295731235260022
0.7 0.2975009125109508
0.9506158882427693 0.045430561441569095
0.7 0.296899154873849
0.7 0.29548548880002834
0.7 0.2957045721015038
0.7 0.29718138948010464
0.9361613853698123 0.06094970692202495
0.7 0.2977190967754445
0.7 0.29646375504693323
0.7 0.29879903868063684
0.7 0.2928120788610321
0.9379348317114278 0.05863392163208203
0.7 0.29853284955501735
0.7 0.2965508980535224
0.7 0.29674247090819206
0.7 0.2937679726754584
0.9585425918722528 0.03840047785057876
0.7 0.2972938493069819
0.7 0.2978101511548955
0.7 0.29456658718627715
0.7 0.29678552970999517
0.9289101397778218 0.06736124429800205
0.7 0.29818982280343254
0.7 0.2960806752250166
0.7 0.2958747101989374
0.7 0.2953691456878039
0.9410652781914776 0.05642207970275426
0.7 0.2971956332684277
0.7 0.2979786223889702
0.7 0.2967123771117277
0.7 0.29798409201491516
0.9485693199986197 0.04908984064743127
0.7 0.2983803457985116
0.7 0.2976042651704889
0.7 0.29840164603321695
0.7 0.2963152068528965
0.9737641266556168 0.02289396648930131
0.7 0.2984884267092145
0.7 0.29259799668338804
0.7 0.2952454670178577
0.7 0.294424971714047
0.9424732642405228 0.05195219716058952
0.7 0.2931110174038526
0.7 0.2962878430790181
0.7 0.29898880787206994
0.7 0.2948747756102841
0.9663400403536883 0.02914442632899117
0.7 0.29611082686333023
0.7 0.296643172031795
0.7 0.2967699526399292
0.7 0.29602783411018097
0.8886408035153354 0.10980684948623187
0.7 0.2956794315411776
0.7 0.2974350427559065
0.7 0.29797120301915814
0.7 0.29750639111248234
0.9549056674528376 0.04183235369524463
0.7 0.298222923042644
0.7 0.2968434266630273
0.7 0.2969708992651773
0.7 0.29699357419394035
0.9794749567314623 0.016642776167749562
0.7 0.29702940169565084
0.7 0.2983191474186996
0.7 0.2944024849532201
0.7 0.2953696715200528
0.9501655885944067 0.04574387613114039
0.7 0.2949898065551133
0.7 0.29768926994626
0.7 0.2935299282516435
0.7 0.29722081151277524
0.9512329469353056 0.041487310447340775
0.7 0.2976876540124257
0.7 0.2959133935064471
0.7 0.29707294153603336
0.7 0.2946384749980496
0.9399931710016297 0.0560929005233356
0.7 0.2964534724142871
0.7 0.2957375903038755
0.7 0.29669884205109354
0.7 0.2975718576875971
0.9563376186498312 0.041329973887909155
0.7 0.2979528958135337
0.7 0.2952645983912845
0.7 0.2982124497422076
0.7 0.29837772732930534
0.9669892184523918 0.02939336809673676
0.7 0.2980261572984454
0.7 0.29757381054307563
0.7 0.2978190423184758
0.7 0.29825930524903776
0.9175680445536808 0.07918150671417457
0.7 0.29736661115058616
0.7 0.2942885001097987
0.7 0.29405999816513984
0.7 0.29778911674248587
0.9198297626665896 0.0779700440569806
0.7 0.29778774424024024
0.7 0.2982866426979639
0.7 0.2963162343255309
0.7 0.297144756017644
0.939859631638513 0.05746755423801009
0.7 0.2968432455285587
0.7 0.29511911390572565
0.7 0.29696185484654347
0.7 0.29810528260429525
0.9882978317973401 0.009398458836378798
0.7 0.29733112773055803
0.7 0.29750976458160383
0.7 0.2967284977389274
0.7 0.2980316770439696
0.9074760325876934 0.08775282376370297
0.7 0.29643021234696354
0.7 0.2955926634346314
0.7 0.2971193026649426
0.7 0.29383203329167673
0.9803002262016931 0.016276211572073707
0.7 0.2968649567935233
0.7 0.29457968748711527
0.7 0.29665547340800835
0.7 0.29657995328312514
0.9760891111207604 0.022729532583249834
0.7 0.29568231731449
0.7 0.29740845689784423
0.7 0.2966963183967505
0.7 0.2955581351963804
0.968310131766014 0.028749091269774096
0.7 0.29631751147533614
0.7 0.2964274980150414
0.7 0.2977189625725897
0.7 0.2956331565478869
0.8944549463224962 0.10144947092819634
0.7 0.2962453796275075
0.7 0.2940802616373086
0.7 0.29718301732615937
0.7 0.29270120549381484
0.9191734385632884 0.07624066090400805
0.7 0.29668877064105525
0.7 0.2969680789544714
0.7 0.2959320734372479
0.7 0.29574674587572536
0.9702245045807701 0.028569329783520447
0.7 0.29757630373734745
0.7 0.29785110106487944
0.7 0.2968822253383221
0.7 0.29575033280432994
0.9404197235307125 0.05825727251439328
0.7 0.2964290723615245
0.7 0.2973815042903719
0.7 0.29420798728262265
0.7 0.2968024851061617
0.9563208508176253 0.0405119565059322
0.7 0.2974670428361057
0.7 0.29687393312250465
0.7 0.29565274879287573
0.7 0.2962953428549273
0.9499924731371423 0.04574321221643207
0.7 0.29658416657555753
0.7 0.2965884555748922
0.7 0.29786030185215306
0.7 0.2968699895983552
0.9647187280376297 0.03235249199706858
0.7 0.29598161024732583
0.7 0.2975804712003627
0.7 0.2970373661539364
0.7 0.2941452614056169
0.934686527653408 0.06210029468213352
0.7 0.29833822543583033
0.7 0.29630405837788587
0.7 0.29457146003385426
0.7 0.29732264042342815
0.9655277314648527 0.02833146898061989
0.7 0.2967212561439567
0.7 0.29441588766758664
0.7 0.2962908836493384
0.7 0.29711398331572836
0.9609226125309658 0.034518558908468555
0.7 0.2967728564820995
0.7 0.29523445482753896
0.7 0.2970952954403637
0.7 0.2979995125863355
0.9653280345738422 0.030038783902450406
0.7 0.29429599015564567
0.7 0.2978270029925235
0.7 0.2968710494811122
0.7 0.2983354761438629
0.9693857984093639 0.0283333449844122
0.7 0.2970204599892431
0.7 0.2961145315858026
0.7 0.29671683439928354
0.7 0.29577068354112945
0.9334321597825495 0.06390015510223435
0.7 0.29538386667131533
0.7 0.2970055135010672
0.7 0.29743492967948026
0.7 0.2976565459893945
0.9518328664995224 0.04530679455577602
0.7 0.29658690612969385
0.7 0.29310797374790976
0.7 0.29603444075850904
0.7 0.2931004035057334
0.9328911306874048 0.06361642167833026
0.7 0.29693695106537876
0.7 0.2978894503964986
0.7 0.29620019359747807
0.7 0.2976774573732175
0.930401805222159 0.06756722219806321
0.7 0.2981194639090675
0.7 0.2971484128685792
0.7 0.29168633462001714
0.7 0.2973236831619931
0.8968535353007329 0.1008336045673861
0.7 0.29813911879770083
0.7 0.2960285449744374
0.7 0.29595638072155694
0.7 0.2984898111070452
0.9042197492896867 0.09351069015565228
0.7 0.29517158457835835
0.7 0.2970232958820306
0.7 0.2979711350169505
0.7 0.2982726094919692
0.941193789557246 0.057386212271261616
0.7 0.2963713473010736
0.7 0.2961559293791617
0.7 0.2957987200987058
0.7 0.29747035003676103
0.9418923677343578 0.05450375058048418
0.7 0.2971699576932447
0.7 0.29690981271303307
0.7 0.29758766507568657
0.7 0.29338287292628884
0.9633232431730611 0.032627083843041804
0.7 0.2965794421488891
0.7 0.2968355478874075
0.7 0.2956664919771793
0.7 0.2967311349299663
0.9259272486893257 0.06829635140533619
0.7 0.2976204930686954
0.7 0.2960174886905609
0.7 0.29613015187903424
0.7 0.2966366434286781
0.9554093120986883 0.041052705609354256
0.7 0.2942426126299402
0.7 0.29754418664045623
0.7 0.29747483133412933
0.7 0.2969596869594068
0.9542497226139779 0.04286210770811072
0.7 0.2955227652668758
0.7 0.2966294473234292
0.7 0.29732924971004915
0.7 0.2971710943386421
0.9520187704295094 0.044602887833192106
0.7 0.29721874088640154
0.7 0.29738925278806605
0.7 0.2978917576265835
0.7 0.2981238995473997
0.9313455400777199 0.06498288041614897
0.7 0.2949244182185199
0.7 0.29799141610415447
0.7 0.29526142414810597
0.7 0.2963337160999403
0.9847531096524904 0.012366321374155054
0.7 0.29624652994491063
0.7 0.2971695979767395
0.7 0.29596747721623107
0.7 0.29770174278788397
0.9688318663172591 0.02742015482753979
0.7 0.29733863610202993
0.7 0.29602957424568943
0.7 0.2981493717452366
0.7 0.297515875322109
0.8896368657950966 0.10537502601357307
0.7 0.2981364749015607
0.7 0.2961395979985112
0.7 0.29818394289259786
0.7 0.29693571926792295
0.9643858381090864 0.030598256673145308
0.7 0.29672685060348714
0.7 0.2971156870043802
0.7 0.2958164113968903
0.7 0.2984257707331731
0.9454368291105724 0.05238477285393628
0.7 0.29817103643396836
0.7 0.29571182067424984
0.7 0.29694684839611885
0.7 0.2982938696818105
0.9527653764992937 0.04318294765117536
0.7 0.29548663149510734
0.7 0.2975765030864689
0.7 0.2973754415460561
0.7 0.2986237159651868
0.9740816065275376 0.023748903922521936
0.7 0.29403730484458834
0.7 0.2935670581253771
0.7 0.29761583986168216
0.7 0.29753409183929735
0.9614682772063219 0.03593845394628703
0.7 0.29822027537484774
0.7 0.29426009151896626
0.7 0.2975771473468444
0.7 0.29658581525430194
0.9191215910082742 0.07832805416507549
0.7 0.29647028166167233
0.7 0.29864953224380475
0.7 0.2969104661565626
0.7 0.2940917513500222
0.9784130566025878 0.017850080490388498
0.7 0.2961525382335315
0.7 0.2981498186314365
0.7 0.29728024125282815
0.7 0.29473728038670743
0.927168010800386 0.0701842162668217
0.7 0.29794166647937936
0.7 0.29717440433475106
0.7 0.2968583314123593
0.7 0.29910052485211414
0.9752788595440929 0.02127417904527673
0.7 0.29678726305525893
0.7 0.29718621699316017
0.7 0.29571019041779734
0.7 0.2963051510581599
0.8982567208296169 0.10006131203334434
0.7 0.29814052769064103
0.7 0.2957552993106527
0.7 0.294986805478232
0.7 0.29815562369047477
0.952520830813952 0.04471104019526617
0.7 0.295902650350355
0.7 0.29669611595188095
0.7 0.2955950519753404
0.7 0.2958857111990867
0.9211921979715846 0.07547263215680577
0.7 0.29763332559391975
0.7 0.29662721696534045
0.7 0.29731349989045297
0.7 0.2970227248823757
0.905303798239175 0.09061060799416465
0.7 0.2972641782265377
0.7 0.29562451486548
0.7 0.2966417379405464
0.7 0.29827351911608435
0.9364559438646809 0.05849010873409255
0.7 0.29659576466170734
0.7 0.298400167805806
0.7 0.295423526091681
0.7 0.29449373989329186
0.9135476793185169 0.08193400103158444
0.7 0.2962687071605642
0.7 0.2966030221133419
0.7 0.2964094082201084
0.7 0.29685029684062836
0.9083186343266743 0.08832819260166913
0.7 0.2963455453025363
0.7 0.29588971338749537
0.7 0.29712386508841204
0.7 0.2964457122435531
0.9384375504707153 0.05657377261626706
0.7 0.29425865416286756
0.7 0.2968976352391365
0.7 0.2944373483937237
0.7 0.29495158001370414
0.9451684490047775 0.05192030423360883
0.7 0.29720862030644357
0.7 0.2965892047095796
0.7 0.29645882108070887
0.7 0.2957197278329503
0.9028147514085126 0.09120370653718235
0.7 0.29671251152312306
0.7 0.29695370722396974
0.7 0.29381481097554263
0.7 0.2961783200012933
0.943676204587839 0.0524536654610559
0.7 0.29655304127025617
0.7 0.29740960120669024
0.7 0.2972870424182269
0.7 0.2977047991963866
0.9611731389352336 0.03674934751955938
0.7 0.29559469500245417
0.7 0.2960493678896674
0.7 0.29675979179835954
0.7 0.2984021477517006
0.885659758793408 0.11126938073181991
0.7 0.2971970739524802
0.7 0.2976066138208596
0.7 0.2961351715818322
0.7 0.29655397914051373
0.9754571852761031 0.0226407230542659
0.7 0.29561368106120944
0.7 0.29737179735555697
0.7 0.29408248968930484
0.7 0.2946534376886468
0.9505036862736895 0.04536142892708617
0.7 0.29748804668795514
0.7 0.2961834394558456
0.7 0.2962594765369889
0.7 0.2960388885705948
0.9780882382628104 0.020058914421877794
0.7 0.2963193010887971
0.7 0.2943658207331269
0.7 0.2978580341016306
0.7 0.29539343954535546
0.9391555667280653 0.059601597334451584
0.7 0.29714150715001264
0.7 0.29562339025802087
0.7 0.296803998449904
0.7 0.2979606577808239
0.9401580204421622 0.0567739936003947
0.7 0.29576182876514967
0.7 0.29368785044160495
0.7 0.2955165886687635
0.7 0.29690226669512876
0.9110863518071514 0.08566556141141901
0.7 0.2970194914203741
0.7 0.29779321383330004
0.7 0.2957114502176935
0.7 0.2950974668728328
0.8923567021534881 0.10359088596480037
0.7 0.2964671872492868
0.7 0.2958979861377671
0.7 0.2979871313582808
0.7 0.2964954339100224
0.8981290261729982 0.09526693773380424
0.7 0.29707795844846785
0.7 0.29759541909847664
0.7 0.29546298141006033
0.7 0.29474609499723026
0.9555465204546886 0.04156526143538597
0.7 0.29742543039971503
0.7 0.29781011114122424
0.7 0.2981587961968556
0.7 0.2971274191504467
0.967926934905128 0.029120364165996393
0.7 0.2959283301715999
0.7 0.2956129242878974
0.7 0.2938564261636172
0.7 0.29638406766023473
0.9528738456055411 0.042354083346407334
0.7 0.29647527962170284
0.7 0.2979281130157704
0.7 0.29539249938631507
0.7 0.29810803807446784
0.9227275781266314 0.0714201505372406
0.7 0.29701927621317337
0.7 0.29718442015954283
0.7 0.2964303397055119
0.7 0.2946173003111401
0.9228660873479544 0.07520790076822126
0.7 0.2988388744545297
0.7 0.29774107723812193
0.7 0.29706966662708745
0.7 0.2964675366772257
0.958171198943385 0.038466620614722946
0.7 0.2960285890780108
0.7 0.29440929067373134
0.7 0.2967456242483141
0.7 0.29753602122214395
0.9321076641516352 0.06352378186823104
0.7 0.2976785422974313
0.7 0.29813728345133683
0.7 0.29624163129936554
0.7 0.2980726398090242
0.9684278244282492 0.029767634009409405
0.7 0.29334463451031667
0.7 0.2961479897694481
0.7 0.29677233966810457
0.7 0.29731068130320937
0.9495121838725803 0.04857855983484061
0.7 0.2978658655645716
0.7 0.29590273672138145
0.7 0.29693001124558427
0.7 0.29488017420515933
0.906896113941082 0.08962296559836014
0.7 0.2961330231599719
0.7 0.2979570711659725
0.7 0.29635453939929934
0.7 0.2971224859434104
0.919070889264491 0.07890264175902106
0.7 0.2970194826295842
0.7 0.294758417312477
0.7 0.29539682917949306
0.7 0.2966114115704902
0.9470170511265107 0.0496095939521376
0.7 0.2970838206375278
0.7 0.2943595799976192
0.7 0.2926756455968038
0.7 0.2988796384677328
0.9279715598941591 0.06962316407273439
0.7 0.2961764441151912
0.7 0.2961082054933517
0.7 0.2977035569934139
0.7 0.29729422428786134
0.9545840322715725 0.04070684595767815
0.7 0.2980482958195716
0.7 0.29447258234659035
0.7 0.29597891658547737
0.7 0.2964099396246086
0.9376669411042203 0.05895204434283763
0.7 0.29727136005955224
0.7 0.2963127781780055
0.7 0.2969115023181109
0.7 0.2983630492174484
0.9106175917595668 0.08489682599351989
0.7 0.29578028929289657
0.7 0.2941884805323838
0.7 0.2954779084265141
0.7 0.29644147148331323
0.9481875530820199 0.05067047996924967
0.7 0.2958402863939884
0.7 0.2980753490286011
0.7 0.2980212779725685
0.7 0.2944708064445296
0.9521403068120551 0.044478722156223505
0.7 0.299270728893018
0.7 0.29691892342998905
0.7 0.2972747322799486
0.7 0.2967928349633179
0.9837407112755685 0.013953655879502924
0.7 0.2963875529691634
0.7 0.2965645271325319
0.7 0.2952000664945831
0.7 0.29617391779447877
0.9596116320850725 0.03925861554684207
0.7 0.2937370226325423
0.7 0.2967705712984112
0.7 0.29721917914522744
0.7 0.29639897528672465
0.9579600046278703 0.03838060848236846
0.7 0.29697223925726024
0.7 0.2974635222046156
0.7 0.2978102784000084
0.7 0.29750833501838303
0.9686246169898787 0.026038331583336904
0.7 0.2988019329522934
0.7 0.2962305489826227
0.7 0.29704567468271825
0.7 0.2964157284527844
0.9432504582281369 0.053788984355299996
0.7 0.2964520439351419
0.7 0.29667577480711216
0.7 0.29715244831094045
0.7 0.29843752722090544
0.9336147590268477 0.06296222099877369
0.7 0.29897639859032243
0.7 0.29737095162187666
0.7 0.297199413204855
0.7 0.2961077218679299
0.9241525300647571 0.07345570422360614
0.7 0.29918610287223035
0.7 0.29643515747823435
0.7 0.2979011211227228
0.7 0.29764033030054093
0.9532850550736227 0.04516958417197203
0.7 0.2959110114321114
0.7 0.2970471576842324
0.7 0.29728886049863046
0.7 0.2974120838306986
0.9529719403019502 0.04508620261136009
0.7 0.29713745844517914
0.7 0.297350165820902
0.7 0.2965400717858204
0.7 0.29720559710032757
0.9264907645419127 0.06917878745353445
0.7 0.2944140410709759
0.7 0.29661543524096456
0.7 0.298813770074955
0.7 0.2956862209033334
0.90728874435148 0.08851446753689762
0.7 0.2969858508947806
0.7 0.2959401381351261
0.7 0.2948052078877348
0.7 0.2952055035540444
0.9731575876010028 0.024474802327916656
0.7 0.29617158300095614
0.7 0.2971640027048671
0.7 0.296494930500108
0.7 0.2966202217602808
0.9499778683160192 0.04557199981632154
0.7 0.297905270659486
0.7 0.2978004900140738
0.7 0.2949391499498699
0.7 0.29778478274575915
0.9257646937061133 0.07031285842568824
0.7 0.2947427863367389
0.7 0.29639993938806664
0.7 0.2965671678321278
0.7 0.2963569690582425
0.9302267921178305 0.06782718905205343
0.7 0.293185807042208
0.7 0.2967625239945264
0.7 0.2970967993285265
0.7 0.29653740665044304
0.9465015290208237 0.04874912716843682
0.7 0.2971687261515713
0.7 0.29666518767125793
0.7 0.2982693681874631
0.7 0.2943402822884357
0.9514154066478224 0.04463055158137308
0.7 0.29618507889898493
0.7 0.29625351768425656
0.7 0.2971623197746486
0.7 0.29798210646097334
0.9341618138835157 0.06304694503446706
0.7 0.2958532521198183
0.7 0.2960205298536376
0.7 0.29865889159336423
0.7 0.2962756302436499
0.9034879103762681 0.09207942370655786
0.7 0.2950574085102795
0.7 0.29745925268810136
0.7 0.29752931396038174
0.7 0.2953036856636224
0.9456529873372649 0.050986142145707736
0.7 0.2980752391585417
0.7 0.29352468547077715
0.7 0.2969669385246059
0.7 0.296339486882933
0.9757840479586226 0.018621377261462846
0.7 0.29667971617749644
0.7 0.29786910638150366
0.7 0.2976545455607561
0.7 0.29759364564868396
0.8918727483164794 0.10653482018395011
0.7 0.29629922862979663
0.7 0.2970723831957316
0.7 0.2969179182201084
0.7 0.2967928988174009
0.9875927378401101 0.009278583263603202
0.7 0.2978190473109187
0.7 0.29817184473605773
0.7 0.29755348915173174
0.7 0.2942323399343595
0.9760703527813506 0.019854799034382253
0.7 0.29767005008044145
0.7 0.2935047435574041
0.7 0.29777215009141544
0.7 0.29700242744390726
0.8965550765391048 0.10133088628530185
0.7 0.2950165506172385
0.7 0.29646594029220275
0.7 0.2950512363906813
0.7 0.29651881129295954
0.9352523631805754 0.062223798623483595
0.7 0.29741152177031305
0.7 0.29547444977368775
0.7 0.2953551903239716
0.7 0.29757551830900086
0.9287640199832936 0.0684627859991973
0.7 0.29776628563845675
0.7 0.2959255469966965
0.7 0.2978104973004644
0.7 0.294345606648051
0.8604508118047938 0.13606441133662395
0.7 0.29604579113071017
0.7 0.29611459136997986
0.7 0.29857340337004035
0.7 0.29722559079072697
0.8815356070808298 0.11332859165986542
0.7 0.2975860830327275
0.7 0.29776185306366165
0.7 0.2964480499555777
0.7 0.2973020919450218
0.9459621042353923 0.05149985063588247
0.7 0.2947049970484885
0.7 0.2982667398491031
0.7 0.29722329481457566
0.7 0.2980708067175908
0.913737130762885 0.08406562820411567
0.7 0.2970939566673658
0.7 0.2948428464246833
0.7 0.2954614678326809
0.7 0.2932789618521925
0.9704685293121672 0.02719849528154683
0.7 0.2969652128105321
0.7 0.2977095748366779
0.7 0.29382673395835934
0.7 0.29826585191487054
0.9131493871850637 0.08286883610045248
0.7 0.29750709429619027
0.7 0.2963543553828165
0.7 0.29679540179172204
0.7 0.2948396654578652
0.9182325500546288 0.07889514887120763
0.7 0.29779783812756555
0.7 0.2959132370207064
0.7 0.29567598511952764
0.7 0.29698119116456045
0.9125036859027983 0.08246609846452535
0.7 0.2970208910188369
0.7 0.29742090957990297
0.7 0.29772949134039106
0.7 0.29357839340624525
0.9758368329277806 0.02207007968323771
0.7 0.2953079318637898
0.7 0.29764785406332606
0.7 0.2956074114044802
0.7 0.2964852002111822
0.8939284437024936 0.10184658924249812
0.7 0.2951729404952017
0.7 0.2945658513433561
0.7 0.2965193552962647
0.7 0.297613443175453
0.9313336500723348 0.06547085750622084
0.7 0.29642582857178357
0.7 0.29835091220084853
0.7 0.29818673824225295
0.7 0.2944976619083086
0.9370235384983538 0.06168908855184019
0.7 0.2976325443650232
0.7 0.29759052669744057
0.7 0.29639167210914796
0.7 0.29572161964472077
0.9860432657161884 0.010654961787780692
0.7 0.2975114451811668
0.7 0.2963511539554654
0.7 0.29371018255192916
0.7 0.29448222527060064
0.8739897987799425 0.12288855395459208
0.7 0.29736701703042356
0.7 0.2967890067324015
0.7 0.29431789689428267
0.7 0.29533305386262787
0.9428919776841335 0.05151128776670033
0.7 0.2984035590000259
0.7 0.29459824833389514
0.7 0.2957637818924119
0.7 0.296491288259909
0.9756751302668172 0.02151623544158232
0.7 0.29764040788782775
0.7 0.29768500207074444
0.7 0.2979257545617551
0.7 0.2969631486534837
0.9081352256271552 0.08700600042108841
0.7 0.2980957522441361
0.7 0.2978271549763192
0.7 0.29712544033443533
0.7 0.29636556389461355
0.9342124936978157 0.06218594950155465
0.7 0.2977490902915645
0.7 0.2980411738021116
0.7 0.29664750018467856
0.7 0.2977333326235717
0.9583667882166707 0.03778139124168678
0.7 0.29683858939646734
0.7 0.29811554856987044
0.7 0.29499855630105487
0.7 0.29739978597118566
0.9179664549959469 0.07741398376801334
0.7 0.29911915468240013
0.7 0.29544704852701975
0.7 0.2968897607880854
0.7 0.2966616544595264
0.957061487280547 0.040899350664358014
0.7 0.2984180062418845
0.7 0.2974297763481428
0.7 0.2968734757736988
0.7 0.2967136600469601
0.9475791891885668 0.04857817112568452
0.7 0.2963851306239941
0.7 0.2964151562584503
0.7 0.2957995359405672
0.7 0.296850233112512
0.9439108681273297 0.05337658169075299
0.7 0.29639123017852376
0.7 0.29656878856546887
0.7 0.29095744921458877
0.7 0.29734590903437574
0.9247343443590507 0.07306669017415002
0.7 0.2961998794885118
0.7 0.2986240684915662
0.7 0.2980133641967121
0.7 0.29486377067452296
0.9342014096826601 0.06188672492273073
0.7 0.2973539342773651
0.7 0.2923302869220695
0.7 0.2974614580852647
0.7 0.2982943538307741
0.9412764901193009 0.05695166963569376
0.7 0.29747284929040285
0.7 0.2977141271692162
0.7 0.2986333675351982
0.7 0.2985977949555392
0.9465474358319562 0.049906404184240305
0.7 0.2976124716081905
0.7 0.2981853864830165
0.7 0.2950438076137759
0.7 0.294998937241319
0.9476799410033496 0.04975560072133012
0.7 0.2955195166885429
0.7 0.2922344327766945
0.7 0.29629095058939525
0.7 0.29690183173771423
0.9369573318737007 0.05735313442204437
0.7 0.2973983791460355
0.7 0.2962325931567036
0.7 0.2964020393784965
0.7 0.2972317395318983
0.9760608193827857 0.019132709831657824
0.7 0.2980100932623583
0.7 0.29749103830308943
0.7 0.2956925148627053
0.7 0.2957701814376551
0.9380789231378587 0.058943896356688064
0.7 0.2953371170263793
0.7 0.2975505255268015
0.7 0.2975569413705065
0.7 0.2952742272820732
0.9206841206022237 0.07377064780329556
0.7 0.29650391653732444
0.7 0.2965893445214334
0.7 0.29672384471877267
0.7 0.29800650243231297
0.9322169169187174 0.06284735239185779
0.7 0.295787742012084
0.7 0.2943226503591704
0.7 0.2954987190973106
0.7 0.2955542122783441
0.9190640441737524 0.07847851764136804
0.7 0.29689369912941954
0.7 0.29654567623203665
0.7 0.2962542405437898
0.7 0.2974483503274258
0.9618783257119006 0.036357063918245114
0.7 0.2981503969164686
0.7 0.294795919096265
0.7 0.29743827821637536
0.7 0.29753912491338264
0.9684410664408838 0.029831575081603612
0.7 0.2971199272152397
0.7 0.2974720837883047
0.7 0.2965475109972495
0.7 0.2984400332017785
0.9195849676389729 0.07710979265423623
0.7 0.29683266285247323
0.7 0.2959255816692836
0.7 0.2961485840632738
0.7 0.2979335312155762
0.9261307553156051 0.0670357196988971
0.7 0.29767925036838716
0.7 0.29679009633724707
0.7 0.2989057877514323
0.7 0.29773932466338926
0.923050430357119 0.07325176399797895
0.7 0.2982812794423012
0.7 0.29713800022419345
0.7 0.29508785053230835
0.7 0.29603136359992543
0.9479081293549385 0.04947394263887883
0.7 0.29707501929024527
0.7 0.29282287215601777
0.7 0.29400977631111214
0.7 0.29849864161719275
0.9816887029500005 0.015102262399360078
0.7 0.29732143001785083
0.7 0.298117827281145
0.7 0.2961946557288938
0.7 0.2962807416422658
0.9063109157968805 0.08825344601666918
0.7 0.2956515287207495
0.7 0.2981524221750088
0.7 0.29532985129692124
0.7 0.2975324951706533
0.9455158454155503 0.051379772320462314
0.7 0.2988240342373245
0.7 0.2970024705714449
0.7 0.29492486309617727
0.7 0.29596217944639946
0.9688042994629215 0.02885177342878853
0.7 0.2941183340035418
0.7 0.2978022334291983
0.7 0.2960395976457111
0.7 0.2963438487557314
0.9446371953254958 0.05317820808137663
0.7 0.29709307981164856
0.7 0.2968466467806561
0.7 0.29621723239300535
0.7 0.29778834938148857
0.921698940189345 0.0742241053573901
0.7 0.29632062126090375
0.7 0.29662560148048855
0.7 0.2961097491271776
0.7 0.2980930197286794
0.9671348988611634 0.029258804663247706
0.7 0.29527860015507623
0.7 0.29750447022545234
0.7 0.2956236969094186
0.7 0.29682662617924327
0.9110356266066804 0.08550472943312315
0.7 0.2983364475099898
0.7 0.2985928248310509
0.7 0.2977890132742921
0.7 0.29523742091501504
0.950562410190563 0.04766538773697382
0.7 0.2980327464056922
0.7 0.2938790323452889
0.7 0.2962880319015565
0.7 0.29605306661367115
0.918873086377448 0.07838969335434931
0.7 0.2957000739578729
0.7 0.29814420906560535
0.7 0.2955623776168289
0.7 0.2953241318866211
0.898130638675721 0.09945938610839611
0.7 0.2984762088992954
0.7 0.29763706089317676
0.7 0.29507995218831695
0.7 0.2967314561982535
0.8957171530496545 0.1004033599327312
0.7 0.29594271774145786
0.7 0.2975735702522334
0.7 0.29880579435354326
0.7 0.29651255827664025
0.944058565504368 0.051820610311700155
0.7 0.29787522395028265
0.7 0.2963675430424738
0.7 0.29727563574429106
0.7 0.2978722990846694
0.9745281868782798 0.02369284551738504
0.7 0.29791445909766145
0.7 0.29684824670682264
0.7 0.29660164566021563
0.7 0.2982643477622089
0.9663900577162589 0.030517879954693794
0.7 0.29793277571639687
0.7 0.29767334110892285
0.7 0.2965487761341089
0.7 0.2973452259500675
0.9156764708912776 0.08150325091605637
0.7 0.29649336571546137
0.7 0.29758364965365036
0.7 0.2977941009658257
0.7 0.29635423729728205
0.9394982655439374 0.05767141714134061
0.7 0.2982620057332288
0.7 0.29620905968491895
0.7 0.2980622956556762
0.7 0.29710164708780584
0.9190809051922639 0.07508496868191528
0.7 0.29624621889473
0.7 0.2986058186652204
0.7 0.297784516823023
0.7 0.29614121609588673
0.9480441010034759 0.04701600909658843
0.7 0.2960891299278112
0.7 0.2960425782983328
0.7 0.29528499949178044
0.7 0.2962780637569985
0.9670615061037904 0.028505736077306998
0.7 0.29636157607076596
0.7 0.29758071472646275
0.7 0.2957605996616003
0.7 0.2977125511809827
0.9793483006799422 0.015106918120982527
0.7 0.2967938505206409
0.7 0.29546777986993966
0.7 0.2954755551657652
0.7 0.2948711732929161
0.958706134939582 0.039139267586437265
0.7 0.29604798549464684
0.7 0.29639604221933047
0.7 0.2946204897385235
0.7 0.29749206034298037
0.9300237903825183 0.0670078509005807
0.7 0.29858741028270486
0.7 0.29646305512349014
0.7 0.2976317957311758
0.7 0.2967145915879572
0.9031345153935235 0.0939121428280626
0.7 0.29536724124913416
0.7 0.29554417999965
0.7 0.2969108139882275
0.7 0.2978968779425716
0.9544985150377733 0.043569968949454085
0.7 0.2966088012821293
0.7 0.2954713617750173
0.7 0.2966999655165592
0.7 0.2974003276980721
0.9715170108675674 0.02261125282985188
0.7 0.2955877527960342
0.7 0.2962876082526983
0.7 0.29378601563227524
0.7 0.29829054886682693
0.9492079674371658 0.047753938550582964
0.7 0.2987247736346337
0.7 0.2941770638464666
0.7 0.2974346435201899
0.7 0.29831553747475215
0.9347880747825312 0.062066100626747556
0.7 0.29701941952780897
0.7 0.29741670704288414
0.7 0.2965700432160132
0.7 0.2918425835693569
0.9093107024043148 0.08689672204928423
0.7 0.2972933074763705
0.7 0.29819070785307866
0.7 0.29785417825916904
0.7 0.29632198059210724
0.9528604214553273 0.04366208200659316
0.7 0.29545690313786177
0.7 0.29715280498081664
0.7 0.29626190228593197
0.7 0.2967094353750366
0.9284258402555714 0.0693176156985521
0.7 0.2947743960830166
0.7 0.29681187814377286
0.7 0.2982027879958523
0.7 0.2969136091899196
0.8458460404068553 0.15220757070298485
0.7 0.2965998955789757
0.7 0.29464266691755847
0.7 0.2981060306086003
0.7 0.2955841967905024
0.962416457150328 0.03642103052560852
0.7 0.29484120213420506
0.7 0.29490000063778044
0.7 0.29699244781431755
0.7 0.2970386025395517
0.9409140156758078 0.05575322657603765
0.7 0.2955189570645417
0.7 0.2948978306326736
0.7 0.2970317961722918
0.7 0.29690284552351087
0.9574156679594434 0.038987554545228065
0.7 0.29774436962530637
0.7 0.2978851106655742
0.7 0.29694495810136334
0.7 0.2980233670749657
0.9534543684840663 0.04301993061953868
0.7 0.2964381699327219
0.7 0.2968729126831785
0.7 0.29631222885203656
0.7 0.2961412106227084
0.9378403413370133 0.05692589404648096
0.7 0.2951636478028198
0.7 0.29737422461649476
0.7 0.29513437483521954
0.7 0.2962922091647078
0.8819321371075008 0.11472653515081221
0.7 0.2983088603758055
0.7 0.2972955724512236
0.7 0.2942354564427072
0.7 0.29545361940901693
0.9628281627604652 0.034474177010237916
0.7 0.2975659314076242
0.7 0.2946866103671427
0.7 0.29605210423871064
0.7 0.29782216648235516
0.9237807592122084 0.07032224471202975
0.7 0.2973035467624612
0.7 0.29605491844645504
0.7 0.29730504985721673
0.7 0.29707438439641987
0.9701280370843649 0.023760084125251657
0.7 0.2973718321681347
0.7 0.29808403572089426
0.7 0.29625302341401905
0.7 0.2983386390336813
0.9636584284967074 0.032360051792545086
0.7 0.2973002638371962
0.7 0.29684953255938595
0.7 0.29677614944607156
0.7 0.29657281301672933
0.9335118417252868 0.06422642997942585
0.7 0.29626329123909856
0.7 0.29865152830162334
0.7 0.29749952785332157
0.7 0.29819731694540785
0.9706514475325861 0.027277545658168978
0.7 0.29739030332748506
0.7 0.29517700234968036
0.7 0.29444431088675427
0.7 0.2986801447226384
0.9605707396614251 0.034769047658677166
0.7 0.2961857399920481
0.7 0.2975707720385893
0.7 0.29657076924380343
0.7 0.29602918771121634
0.8743232580241832 0.12006558439233483
0.7 0.2975559078869723
0.7 0.2970550656161256
0.7 0.29740638817824616
0.7 0.297191867279022
0.9589911482783273 0.03760667771929682
0.7 0.2977008199994935
0.7 0.2960208748344647
0.7 0.2965196106893313
0.7 0.29574954775646
0.8575771696107967 0.1379357832108985
0.7 0.29618493776961174
0.7 0.29536354412787513
0.7 0.29770288481830576
0.7 0.2971890185314494
0.9362645705504798 0.05981057402728174
0.7 0.29611261787482657
0.7 0.2975921727472792
0.7 0.2976787085122248
0.7 0.29680977167359146
0.9027171771822531 0.09331446986125536
0.7 0.29664383035528585
0.7 0.295656943558424
0.7 0.29790232970781383
0.7 0.29787966603497107
0.9521042274951608 0.04383722030914572
0.7 0.29623946850577576
0.7 0.29673666469943616
0.7 0.2960713564071418
0.7 0.2956825255199801
0.9479032261735526 0.050361079680168785
0.7 0.2939573644799315
0.7 0.2964542816192901
0.7 0.29573997488111037
0.7 0.2972976137000024
0.9512563758406873 0.04758375063796427
0.7 0.29621693626274714
0.7 0.2973917175838332
0.7 0.2971143902747059
0.7 0.2975622972352606
0.9537548397325777 0.04218960769111091
0.7 0.2966101293841996
0.7 0.29625744089746187
0.7 0.29511372917196976
0.7 0.2965142733218534
0.9458340744034829 0.05259924501499014
0.7 0.2966168072613097
0.7 0.29646460713874034
0.7 0.29784605830983335
0.7 0.29722619752738944
0.9133784146183656 0.08416935776217183
0.7 0.2968707959813812
0.7 0.2976953779226955
0.7 0.29575339258849886
0.7 0.29862436180715435
0.9324183382226444 0.06456043355414376
0.7 0.29774925251768414
0.7 0.2961091348542222
0.7 0.2981684908014586
0.7 0.2960848059378629
0.9332901226882873 0.0647201206436483
0.7 0.2979716586859319
0.7 0.2978309422334221
0.7 0.2955079969369411
0.7 0.2961440681551669
0.9340233485130988 0.0617708440885798
0.7 0.2958695160637732
0.7 0.29761852410808187
0.7 0.29693123461964355
0.7 0.2969793946788474
0.9093662804448917 0.0871258866313609
0.7 0.2974647561726156
0.7 0.2984870817441244
0.7 0.29329065365144236
0.7 0.29632377445310487
0.9461391423552719 0.05155043451359975
0.7 0.29845927603169464
0.7 0.29750537271653976
0.7 0.29551142499251903
0.7 0.29492984586212845
0.9048381760123291 0.09224774779140998
0.7 0.29816949854023445
0.7 0.2950376036393255
0.7 0.2974928986801384
0.7 0.29246718546894146
0.9603910363372937 0.03412185594108785
0.7 0.29616873005717226
0.7 0.29755703046845616
0.7 0.29847944675929894
0.7 0.2949607776617922
0.8978757880117827 0.09886458787560715
0.7 0.2942621421592847
0.7 0.29675602369870635
0.7 0.29738755348031554
0.7 0.29638029890688367
0.9136776109882608 0.08464764195484886
0.7 0.29799955529003574
0.7 0.29452054474635525
0.7 0.2989570942390597
0.7 0.2967969108073346
0.9660216659820869 0.032284713609809224
0.7 0.29686629852298674
0.7 0.2978803607486964
0.7 0.29585126790276706
0.7 0.29684717814040085
0.9605747903913561 0.03688238536243815
0.7 0.2981848547344148
0.7 0.2971152408390736
0.7 0.2966456094298572
0.7 0.2964262032761976
0.9196881136789792 0.07730497017721727
0.7 0.2946095065833252
0.7 0.29366522398220085
0.7 0.2976382600874351
0.7 0.2977486801340885
0.9487159408728315 0.04867575682161707
0.7 0.29464895216817344
0.7 0.2960849006376084
0.7 0.29840736999469664
0.7 0.29626430251232494
0.9566863562922819 0.03896269446031386
0.7 0.2973771065490918
0.7 0.2988391551131495
0.7 0.29694589411081584
0.7 0.2951726593772104
0.9366732261549661 0.059956676232417516
0.7 0.2962072980064968
0.7 0.2957910453783792
0.7 0.2964215727594728
0.7 0.2983242792854919
0.9608115281157709 0.03584975302412263
0.7 0.29737369233839117
0.7 0.29585711541794923
0.7 0.2932341088967887
0.7 0.2974056149101988
0.8938211995872577 0.10329164950966485
0.7 0.2950505718908303
0.7 0.29681567227613426
0.7 0.29682817055185373
0.7 0.2974386109105348
0.9744267810016746 0.02128586657264886
0.7 0.29474269018627286
0.7 0.29719515309853783
0.7 0.2954499332851642
0.7 0.2955989652458473
0.9378749547401595 0.06049402213177968
0.7 0.29677816607066554
0.7 0.2974478126828678
0.7 0.29692629821623684
0.7 0.2961521542902089
0.8936462015587892 0.10123952875144315
0.7 0.2979029392270591
0.7 0.29879425566345097
0.7 0.2965184796600121
0.7 0.2968392974663522
0.9724350480455938 0.025357966681249566
0.7 0.2970818327857103
0.7 0.297696317562414
0.7 0.2966106565392286
0.7 0.2951259383238287
0.8904417028286343 0.10710729728150359
0.7 0.2973123575861669
0.7 0.2956133615891229
0.7 0.2967573765517524
0.7 0.2967768867115318
0.9823728310026579 0.01442132658361217
0.7 0.2978437903453156
0.7 0.2956692982379885
0.7 0.29824791524177474
0.7 0.2956355135192468
0.9481426378616876 0.04449046983203275
0.7 0.2951627558671537
0.7 0.29711418955436586
0.7 0.29854802318642226
0.7 0.2960133927277848
0.9566538631150112 0.0410006301092235
0.7 0.29739432501825525
0.7 0.2979919016750433
0.7 0.29758653903481935
0.7 0.29769026397173837
0.929077887956011 0.06907820702466305
0.7 0.296266789457335
0.7 0.2957193137310009
0.7 0.29247914932164754
0.7 0.2980028041124295
0.9767961301427245 0.01896439988487697
0.7 0.29622102681710005
0.7 0.29675271150126725
0.7 0.2937497238520409
0.7 0.29572780812689425
0.8942847167932338 0.09999490376813447
0.7 0.2966842720536963
0.7 0.29893151504121884
0.7 0.2948840688017793
0.7 0.29532794988675926
0.913089422342013 0.0843418936826944
0.7 0.29851871660019547
0.7 0.2953858060968214
0.7 0.2968801161577175
0.7 0.2935132664396273
0.9478165758549024 0.04931948463564895
0.7 0.2970899272248758
0.7 0.2973388878761748
0.7 0.2966450251701478
0.7 0.2956109459097409
0.9676680183996303 0.03149198746830617
0.7 0.2958745679793625
0.7 0.2968982978804001
0.7 0.2958032393209298
0.7 0.2977353481212591
0.9054286835715423 0.09137639787204244
0.7 0.2970913069068635
0.7 0.2967017436499043
0.7 0.2980147643651174
0.7 0.29769904649978085
0.9461051221224106 0.050338487762690565
0.7 0.29622836172653255
0.7 0.29490627387048307
0.7 0.29886805218502943
0.7 0.2950055899868925
0.9006914806940285 0.09521395333857163
0.7 0.2980784309224045
0.7 0.2992465331613715
0.7 0.297208330043511
0.7 0.29488510235035104
0.9012912761073792 0.09296033139111648
0.7 0.2967190241735128
0.7 0.2962059492518462
0.7 0.29772447118620504
0.7 0.297925185200425
0.9702538795612642 0.026767364216305878
0.7 0.2972738907587461
0.7 0.2968033488173325
0.7 0.29846211949170065
0.7 0.2966216068101386
0.9460084337332846 0.05086069324190967
0.7 0.29726703018682477
0.7 0.2985110986604059
0.7 0.29482953400061485
0.7 0.2965895526764949
0.9032231854749847 0.09126756425760718
0.7 0.2964134982434363
0.7 0.29735129407407146
0.7 0.29784212869431426
0.7 0.2984745983506285
0.9301923810746416 0.06714387174188674
0.7 0.2983017970318308
0.7 0.29551743124305385
0.7 0.29698721028729946
0.7 0.29398755331680515
0.9661525092228171 0.029857093683019253
0.7 0.2946943910451034
0.7 0.2964662396311021
0.7 0.2961780428938503
0.7 0.29588748387978114
0.9576075004068499 0.03968513928674533
0.7 0.2970016698608975
0.7 0.29726067521522226
0.7 0.2972893573826
0.7 0.2970899907729033
0.9486444563643425 0.049278417671265395
0.7 0.2980108097572718
0.7 0.29558995200383953
0.7 0.2979691379868914
0.7 0.29626460071256433
0.9532870733419833 0.04461060732779354
0.7 0.2981133994445019
0.7 0.296601392619538
0.7 0.2974408853518906
0.7 0.29588603842870675
0.9167136318577269 0.08112079927019533
0.7 0.2969701134350028
0.7 0.29631802050113254
0.7 0.29647117779679477
0.7 0.29520730988873656
0.9402308340740052 0.057777545394003926
0.7 0.29902739473692297
0.7 0.2972689792219083
0.7 0.29393854955920873
0.7 0.2974674707590659
0.906570684476989 0.09058672804431733
0.7 0.2956291494402825
0.7 0.2958167735229018
0.7 0.2965661609385085
0.7 0.29701435561875944
0.9714118294395835 0.024758837616579488
0.7 0.2971348702060639
0.7 0.2976134849269082
0.7 0.2942233940035318
0.7 0.29794976419891983
0.975186207668074 0.020360591502797676
0.7 0.29639502343688495
0.7 0.2969951566182908
0.7 0.2938842408839829
0.7 0.2985094824145176
0.9661527059583926 0.03064896064020539
0.7 0.2958482571087565
0.7 0.29776050792316866
0.7 0.2965957316620458
0.7 0.29688688767150484
0.9530231067441598 0.04298783481856516
0.7 0.2966223475873243
0.7 0.2954008884784165
0.7 0.2974732662062016
0.7 0.29702413202305855
0.9487700541245527 0.04772428617646174
0.7 0.2978872094515085
0.7 0.2932365366444376
0.7 0.29557056666217896
0.7 0.29711629809709805
0.9228640278518219 0.07400911530111776
0.7 0.29659801108103534
0.7 0.2965250416020053
0.7 0.297127467232867
0.7 0.29637872655018327
0.9491221436456553 0.045543612611366746
0.7 0.2939709568760389
0.7 0.2956172728941746
0.7 0.2984500029769126
0.7 0.29680708037200376
0.9561516977226878 0.0419333740762996
0.7 0.2978188328512653
0.7 0.29783713759975383
0.7 0.2959462489655167
0.7 0.2967554641819671
0.9636101129434298 0.033338068494674244
0.7 0.2961974921777729
0.7 0.29800028968278636
0.7 0.2968194023623454
0.7 0.2953784822916671
0.9669389548794106 0.029294318589996204
0.7 0.2973738764587007
0.7 0.2982630898479912
0.7 0.2972543198773061
0.7 0.2970846751603027
0.9153085280408064 0.08119052244818692
0.7 0.2963832035567019
0.7 0.2980638718276265
0.7 0.29666519864326935
0.7 0.2954093285433609
0.9316752732249626 0.06437368101207142
0.7 0.29727755383355514
0.7 0.2957129706895969
0.7 0.297072125263631
0.7 0.29631449687056166
0.9131288020665089 0.08382103846402578
0.7 0.2980818571322663
0.7 0.2974375092174193
0.7 0.2971566855290225
0.7 0.2971574593491486
0.9127129006379372 0.08335264210055249
0.7 0.29561628399146134
0.7 0.295333643857113
0.7 0.29785452769451126
0.7 0.29737469395222305
0.9316573472942988 0.06592495699357159
0.7 0.2956607223494385
0.7 0.29847796493192513
0.7 0.2963968636698634
0.7 0.29732911002702456
0.9123067425877301 0.0857027768841998
0.7 0.2979634013510505
0.7 0.29602900650596076
0.7 0.29530818871024356
0.7 0.2970551016337275
0.9009329117787233 0.09582118489849756
0.7 0.29812735466374685
0.7 0.2958271764510606
0.7 0.29258878932811505
0.7 0.29739433945974925
0.9225735384798874 0.07459723409707253
0.7 0.2942343670790656
0.7 0.29321879822455343
0.7 0.29844663852577913
0.7 0.29736682861678887
0.8718349757813925 0.12526882775976256
0.7 0.2965125586205595
0.7 0.29683066985079687
0.7 0.2978948891724673
0.7 0.29778552993378127
0.8599374819459065 0.13305972056879845
0.7 0.29568886880115963
0.7 0.29541148343571433
0.7 0.2971763740742195
0.7 0.2968141142277311
0.909466702211258 0.08519468024314059
0.7 0.29755594418220344
0.7 0.298366677422391
0.7 0.2980885883546821
0.7 0.2953348441766289
0.9552620390381192 0.0417953339097652
0.7 0.2967731073222165
